0.0
0.19750000000000023
0.3900000000000001
0.5774999999999997
0.7599999999999998
0.9375
1.1100000000000003
1.2775000000000003
1.4399999999999995
1.5974999999999997
1.75
1.8975
2.04
2.1774999999999998
2.3099999999999996
2.4375
2.56
2.6775
2.79
2.8975
3.0
3.0975
3.1900000000000004
3.2775
3.36
3.4375
3.5100000000000002
3.5775
3.6399999999999997
3.6975
3.75
3.7975
3.84
3.8775
3.91
3.9375
3.96
3.9775
3.9899999999999998
3.9975
4.0
3.9975
3.9899999999999998
3.9775
3.96
3.9375
3.91
3.8775
3.84
3.7975
3.75
3.6975000000000002
3.6399999999999997
3.5775
3.51
3.4375
3.3600000000000003
3.2775
3.1900000000000004
3.0974999999999997
3.0
2.8975000000000004
2.79
2.6775
2.5599999999999996
2.4375
2.3100000000000005
2.1774999999999998
2.04
1.8974999999999995
1.75
1.5975000000000006
1.4399999999999995
1.2775000000000003
1.1099999999999994
0.9375
0.7600000000000007
0.5774999999999997
0.3900000000000001
0.19749999999999934
0.0
-0.19749999999999934
-0.3899999999999988
-0.5775000000000015
-0.7600000000000007
-0.9375
-1.1099999999999994
-1.277499999999999
-1.4400000000000013
-1.5975000000000006
-1.75
-1.8974999999999995
-2.039999999999999
-2.177500000000001
-2.3100000000000005
-2.4375
-2.5599999999999996
-2.6774999999999993
-2.790000000000001
-2.8975000000000004
-3.0
-3.0974999999999997
-3.1899999999999995
-3.2775000000000007
-3.3600000000000003
-3.4375
-3.51
-3.5774999999999997
-3.6400000000000006
-3.6975000000000002
-3.75
-3.7975
-3.84
-3.8775000000000004
-3.91
-3.9375
-3.96
-3.9775
-3.99
-3.9975
-4.0
-3.9975
-3.99
-3.9775
-3.96
-3.9375
-3.91
-3.8775000000000004
-3.84
-3.7975
-3.75
-3.6975000000000002
-3.6400000000000006
-3.5774999999999997
-3.51
-3.4375
-3.3600000000000003
-3.2775000000000007
-3.1899999999999995
-3.0974999999999997
-3.0
-2.8975000000000004
-2.790000000000001
-2.6774999999999993
-2.5599999999999996
-2.4375
-2.3100000000000005
-2.177500000000001
-2.039999999999999
-1.8974999999999995
-1.75
-1.5975000000000006
-1.4400000000000013
-1.277499999999999
-1.1099999999999994
-0.9375
-0.7600000000000007
-0.5775000000000015
-0.3899999999999988
-0.19749999999999934
0.0
