0
1.9750000000000023
1.924999999999999
1.874999999999996
1.8250000000000004
1.7750000000000026
1.7250000000000036
1.6750000000000003
1.6249999999999907
1.5750000000000024
1.5250000000000035
1.4749999999999983
1.4250000000000027
1.3749999999999962
1.3250000000000002
1.2750000000000028
1.2249999999999994
1.1750000000000032
1.1249999999999973
1.0750000000000006
1.0249999999999995
0.9750000000000005
0.9250000000000017
0.8749999999999978
0.8249999999999994
0.7750000000000006
0.7250000000000016
0.6749999999999984
0.6249999999999978
0.5750000000000005
0.5250000000000017
0.4749999999999983
0.42499999999999943
0.3750000000000022
0.3250000000000017
0.27499999999999836
0.22499999999999945
0.17500000000000054
0.12499999999999778
0.07500000000000277
0.024999999999999446
-0.024999999999999557
-0.07500000000000244
-0.12499999999999778
-0.17499999999999977
-0.22500000000000045
-0.2749999999999996
-0.32500000000000023
-0.3750000000000022
-0.42499999999999755
-0.4750000000000004
-0.5249999999999996
-0.5750000000000024
-0.6249999999999978
-0.6749999999999998
-0.7250000000000004
-0.7749999999999996
-0.8250000000000002
-0.8749999999999978
-0.925000000000002
-0.9750000000000004
-1.0249999999999995
-1.074999999999998
-1.1250000000000022
-1.1749999999999998
-1.2250000000000005
-1.2749999999999995
-1.3250000000000002
-1.3750000000000022
-1.4249999999999976
-1.4750000000000005
-1.5249999999999995
-1.5750000000000024
-1.6249999999999978
-1.6749999999999998
-1.7250000000000005
-1.7749999999999995
-1.8250000000000002
-1.8750000000000022
-1.9249999999999976
-1.9750000000000005
-1.9750000000000005
-1.9250000000000014
-1.875
-1.8249999999999986
-1.7749999999999995
-1.7250000000000005
-1.6750000000000014
-1.625
-1.5749999999999986
-1.5249999999999995
-1.4750000000000005
-1.4250000000000014
-1.375
-1.3249999999999986
-1.2749999999999995
-1.2250000000000005
-1.1750000000000014
-1.125
-1.0749999999999986
-1.0249999999999995
-0.9750000000000004
-0.9250000000000014
-0.875
-0.8249999999999986
-0.7749999999999996
-0.7250000000000004
-0.6750000000000014
-0.625
-0.5749999999999986
-0.5249999999999996
-0.4750000000000004
-0.4250000000000013
-0.375
-0.3249999999999987
-0.2749999999999996
-0.22500000000000045
-0.17500000000000132
-0.125
-0.07499999999999866
-0.024999999999999557
0.024999999999999557
0.07499999999999866
0.125
0.17500000000000132
0.22500000000000045
0.2749999999999996
0.3249999999999987
0.375
0.4250000000000013
0.4750000000000004
0.5249999999999996
0.5749999999999986
0.625
0.6750000000000014
0.7250000000000004
0.7749999999999996
0.8249999999999986
0.875
0.9250000000000014
0.9750000000000004
1.0249999999999995
1.0749999999999986
1.125
1.1750000000000014
1.2250000000000005
1.2749999999999995
1.3249999999999986
1.375
1.4250000000000014
1.4750000000000005
1.5249999999999995
1.5749999999999986
1.625
1.6750000000000014
1.7250000000000005
1.7749999999999995
1.8249999999999986
1.875
1.9250000000000014
1.9750000000000005
