0
0.019750000000000024
0.05875000000000004
0.11649999999999999
0.1925
0.28625
0.39725
0.525
0.669
0.82875
1.00375
1.1935
1.3974999999999997
1.6152499999999999
1.8462499999999995
2.09
2.346
2.6137499999999996
2.89275
3.1824999999999997
3.4825
3.79225
4.11125
4.438999999999999
4.7749999999999995
5.1187499999999995
5.4697499999999994
5.8275
6.191499999999999
6.561249999999999
6.936249999999999
7.316
7.7
8.087749999999998
8.478749999999998
8.872499999999999
9.2685
9.66625
10.065249999999999
10.465
10.865
11.26475
11.663750000000002
12.0615
12.457500000000003
12.851250000000002
13.24225
13.630000000000003
14.014000000000001
14.393750000000002
14.76875
15.138499999999999
15.502500000000001
15.86025
16.211250000000003
16.555000000000003
16.891000000000002
17.218750000000004
17.537750000000003
17.847500000000004
18.1475
18.43725
18.71625
18.983999999999998
19.24
19.483749999999997
19.714749999999995
19.932499999999997
20.136499999999998
20.326249999999998
20.50125
20.660999999999998
20.805
20.93275
21.04375
21.1375
21.2135
21.27125
21.31025
21.33
21.33
21.31025
21.27125
21.213499999999996
21.137499999999996
21.043749999999996
20.932749999999995
20.804999999999996
20.660999999999994
20.501249999999995
20.326249999999995
20.136499999999995
19.932499999999994
19.71474999999999
19.483749999999993
19.239999999999995
18.983999999999995
18.716249999999995
18.43724999999999
18.147499999999994
17.847499999999997
17.53775
17.21875
16.890999999999995
16.554999999999996
16.211249999999996
15.860249999999997
15.502499999999998
15.138499999999993
14.768749999999995
14.393749999999997
14.014
13.63
13.242249999999995
12.851249999999997
12.457499999999998
12.061499999999999
11.66375
11.264749999999994
10.864999999999995
10.464999999999996
10.065249999999997
9.666249999999998
9.268499999999992
8.872499999999993
8.478749999999994
8.087749999999996
7.6999999999999975
7.315999999999992
6.936249999999993
6.561249999999994
6.191499999999995
5.827499999999996
5.4697499999999915
5.118749999999992
4.774999999999993
4.438999999999995
4.111249999999996
3.7922499999999912
3.4824999999999924
3.1824999999999934
2.8927499999999946
2.6137499999999956
2.3459999999999916
2.0899999999999928
1.8462499999999937
1.6152499999999945
1.397499999999995
1.1934999999999922
1.003749999999993
0.8287499999999937
0.6689999999999942
0.5249999999999946
0.3972499999999929
0.28624999999999334
0.19249999999999368
0.11649999999999387
0.05874999999999393
0.019749999999993502
-6.3629657098829284e-15
-6.3629657098829284e-15
